2022/03/30-15:31:20.879320 207ba4600 RocksDB version: 6.12.7
2022/03/30-15:31:20.880148 207ba4600 Git sha rocksdb_build_git_sha:@0@
2022/03/30-15:31:20.880152 207ba4600 Compile date Feb 16 2021
2022/03/30-15:31:20.880176 207ba4600 DB SUMMARY
2022/03/30-15:31:20.880179 207ba4600 DB Session ID:  RNCDFGNYIKLSHSV6O8DF
2022/03/30-15:31:20.880385 207ba4600 CURRENT file:  CURRENT
2022/03/30-15:31:20.880387 207ba4600 IDENTITY file:  IDENTITY
2022/03/30-15:31:20.880550 207ba4600 MANIFEST file:  MANIFEST-000121 size: 4136 Bytes
2022/03/30-15:31:20.880553 207ba4600 SST files in /Users/virajsabhaya/Library/CloudStorage/OneDrive-UniversityofTexasatArlington/Documents/SelfLearningTuts/MLH/ReversiMLH/.dfx/state/replicated_state/node-100/ic_consensus_pool/consensus dir, Total Num: 24, files: 000096.sst 000097.sst 000098.sst 000099.sst 000100.sst 000101.sst 000102.sst 000103.sst 000104.sst 
2022/03/30-15:31:20.880555 207ba4600 Write Ahead Log file in /Users/virajsabhaya/Library/CloudStorage/OneDrive-UniversityofTexasatArlington/Documents/SelfLearningTuts/MLH/ReversiMLH/.dfx/state/replicated_state/node-100/ic_consensus_pool/consensus: 000122.log size: 0 ; 
2022/03/30-15:31:20.880556 207ba4600                         Options.error_if_exists: 0
2022/03/30-15:31:20.880557 207ba4600                       Options.create_if_missing: 1
2022/03/30-15:31:20.880558 207ba4600                         Options.paranoid_checks: 1
2022/03/30-15:31:20.880559 207ba4600                                     Options.env: 0x10708dd88
2022/03/30-15:31:20.880561 207ba4600                                      Options.fs: Posix File System
2022/03/30-15:31:20.880562 207ba4600                                Options.info_log: 0x6000001502d0
2022/03/30-15:31:20.880563 207ba4600                Options.max_file_opening_threads: 16
2022/03/30-15:31:20.880564 207ba4600                              Options.statistics: 0x0
2022/03/30-15:31:20.880565 207ba4600                               Options.use_fsync: 1
2022/03/30-15:31:20.880566 207ba4600                       Options.max_log_file_size: 0
2022/03/30-15:31:20.880567 207ba4600                  Options.max_manifest_file_size: 1073741824
2022/03/30-15:31:20.880568 207ba4600                   Options.log_file_time_to_roll: 0
2022/03/30-15:31:20.880569 207ba4600                       Options.keep_log_file_num: 1000
2022/03/30-15:31:20.880570 207ba4600                    Options.recycle_log_file_num: 0
2022/03/30-15:31:20.880573 207ba4600                         Options.allow_fallocate: 1
2022/03/30-15:31:20.880574 207ba4600                        Options.allow_mmap_reads: 0
2022/03/30-15:31:20.880574 207ba4600                       Options.allow_mmap_writes: 0
2022/03/30-15:31:20.880575 207ba4600                        Options.use_direct_reads: 0
2022/03/30-15:31:20.880576 207ba4600                        Options.use_direct_io_for_flush_and_compaction: 0
2022/03/30-15:31:20.880577 207ba4600          Options.create_missing_column_families: 1
2022/03/30-15:31:20.880578 207ba4600                              Options.db_log_dir: 
2022/03/30-15:31:20.880579 207ba4600                                 Options.wal_dir: /Users/virajsabhaya/Library/CloudStorage/OneDrive-UniversityofTexasatArlington/Documents/SelfLearningTuts/MLH/ReversiMLH/.dfx/state/replicated_state/node-100/ic_consensus_pool/consensus
2022/03/30-15:31:20.880580 207ba4600                Options.table_cache_numshardbits: 6
2022/03/30-15:31:20.880581 207ba4600                         Options.WAL_ttl_seconds: 0
2022/03/30-15:31:20.880582 207ba4600                       Options.WAL_size_limit_MB: 0
2022/03/30-15:31:20.880582 207ba4600                        Options.max_write_batch_group_size_bytes: 1048576
2022/03/30-15:31:20.880584 207ba4600             Options.manifest_preallocation_size: 4194304
2022/03/30-15:31:20.880585 207ba4600                     Options.is_fd_close_on_exec: 1
2022/03/30-15:31:20.880586 207ba4600                   Options.advise_random_on_open: 1
2022/03/30-15:31:20.880586 207ba4600                    Options.db_write_buffer_size: 0
2022/03/30-15:31:20.880587 207ba4600                    Options.write_buffer_manager: 0x600002c45c20
2022/03/30-15:31:20.880609 207ba4600         Options.access_hint_on_compaction_start: 1
2022/03/30-15:31:20.880610 207ba4600  Options.new_table_reader_for_compaction_inputs: 0
2022/03/30-15:31:20.880610 207ba4600           Options.random_access_max_buffer_size: 1048576
2022/03/30-15:31:20.880611 207ba4600                      Options.use_adaptive_mutex: 0
2022/03/30-15:31:20.880612 207ba4600                            Options.rate_limiter: 0x0
2022/03/30-15:31:20.880615 207ba4600     Options.sst_file_manager.rate_bytes_per_sec: 0
2022/03/30-15:31:20.880616 207ba4600                       Options.wal_recovery_mode: 2
2022/03/30-15:31:20.880617 207ba4600                  Options.enable_thread_tracking: 0
2022/03/30-15:31:20.880618 207ba4600                  Options.enable_pipelined_write: 0
2022/03/30-15:31:20.880619 207ba4600                  Options.unordered_write: 0
2022/03/30-15:31:20.880620 207ba4600         Options.allow_concurrent_memtable_write: 1
2022/03/30-15:31:20.880621 207ba4600      Options.enable_write_thread_adaptive_yield: 1
2022/03/30-15:31:20.880621 207ba4600             Options.write_thread_max_yield_usec: 100
2022/03/30-15:31:20.880622 207ba4600            Options.write_thread_slow_yield_usec: 3
2022/03/30-15:31:20.880624 207ba4600                               Options.row_cache: None
2022/03/30-15:31:20.880625 207ba4600                              Options.wal_filter: None
2022/03/30-15:31:20.880642 207ba4600             Options.avoid_flush_during_recovery: 0
2022/03/30-15:31:20.880643 207ba4600             Options.allow_ingest_behind: 0
2022/03/30-15:31:20.880644 207ba4600             Options.preserve_deletes: 0
2022/03/30-15:31:20.880645 207ba4600             Options.two_write_queues: 0
2022/03/30-15:31:20.880646 207ba4600             Options.manual_wal_flush: 0
2022/03/30-15:31:20.880647 207ba4600             Options.atomic_flush: 0
2022/03/30-15:31:20.880647 207ba4600             Options.avoid_unnecessary_blocking_io: 0
2022/03/30-15:31:20.880648 207ba4600                 Options.persist_stats_to_disk: 0
2022/03/30-15:31:20.880649 207ba4600                 Options.write_dbid_to_manifest: 0
2022/03/30-15:31:20.880650 207ba4600                 Options.log_readahead_size: 0
2022/03/30-15:31:20.880651 207ba4600                 Options.file_checksum_gen_factory: Unknown
2022/03/30-15:31:20.880654 207ba4600                 Options.best_efforts_recovery: 0
2022/03/30-15:31:20.880655 207ba4600                Options.max_bgerror_resume_count: 2147483647
2022/03/30-15:31:20.880656 207ba4600            Options.bgerror_resume_retry_interval: 1000000
2022/03/30-15:31:20.880657 207ba4600             Options.max_background_jobs: 2
2022/03/30-15:31:20.880658 207ba4600             Options.max_background_compactions: -1
2022/03/30-15:31:20.880659 207ba4600             Options.max_subcompactions: 1
2022/03/30-15:31:20.880660 207ba4600             Options.avoid_flush_during_shutdown: 0
2022/03/30-15:31:20.880661 207ba4600           Options.writable_file_max_buffer_size: 1048576
2022/03/30-15:31:20.880662 207ba4600             Options.delayed_write_rate : 16777216
2022/03/30-15:31:20.880662 207ba4600             Options.max_total_wal_size: 0
2022/03/30-15:31:20.880663 207ba4600             Options.delete_obsolete_files_period_micros: 21600000000
2022/03/30-15:31:20.880664 207ba4600                   Options.stats_dump_period_sec: 600
2022/03/30-15:31:20.880665 207ba4600                 Options.stats_persist_period_sec: 600
2022/03/30-15:31:20.880666 207ba4600                 Options.stats_history_buffer_size: 1048576
2022/03/30-15:31:20.880667 207ba4600                          Options.max_open_files: -1
2022/03/30-15:31:20.880668 207ba4600                          Options.bytes_per_sync: 0
2022/03/30-15:31:20.880669 207ba4600                      Options.wal_bytes_per_sync: 0
2022/03/30-15:31:20.880670 207ba4600                   Options.strict_bytes_per_sync: 0
2022/03/30-15:31:20.880671 207ba4600       Options.compaction_readahead_size: 0
2022/03/30-15:31:20.880672 207ba4600                  Options.max_background_flushes: -1
2022/03/30-15:31:20.880683 207ba4600 Compression algorithms supported:
2022/03/30-15:31:20.880883 207ba4600 	kZSTD supported: 1
2022/03/30-15:31:20.880885 207ba4600 	kZlibCompression supported: 1
2022/03/30-15:31:20.880894 207ba4600 	kXpressCompression supported: 0
2022/03/30-15:31:20.880895 207ba4600 	kSnappyCompression supported: 1
2022/03/30-15:31:20.880896 207ba4600 	kZSTDNotFinalCompression supported: 1
2022/03/30-15:31:20.880898 207ba4600 	kLZ4HCCompression supported: 1
2022/03/30-15:31:20.880898 207ba4600 	kLZ4Compression supported: 1
2022/03/30-15:31:20.880899 207ba4600 	kBZip2Compression supported: 1
2022/03/30-15:31:20.880903 207ba4600 Fast CRC32 supported: Supported on x86
2022/03/30-15:31:20.881440 207ba4600 [db/version_set.cc:4560] Recovering from manifest file: /Users/virajsabhaya/Library/CloudStorage/OneDrive-UniversityofTexasatArlington/Documents/SelfLearningTuts/MLH/ReversiMLH/.dfx/state/replicated_state/node-100/ic_consensus_pool/consensus/MANIFEST-000121
2022/03/30-15:31:20.881831 207ba4600 [db/column_family.cc:580] --------------- Options for column family [default]:
2022/03/30-15:31:20.881838 207ba4600               Options.comparator: leveldb.BytewiseComparator
2022/03/30-15:31:20.881839 207ba4600           Options.merge_operator: None
2022/03/30-15:31:20.881840 207ba4600        Options.compaction_filter: None
2022/03/30-15:31:20.881841 207ba4600        Options.compaction_filter_factory: None
2022/03/30-15:31:20.881842 207ba4600  Options.sst_partitioner_factory: None
2022/03/30-15:31:20.881843 207ba4600         Options.memtable_factory: SkipListFactory
2022/03/30-15:31:20.881844 207ba4600            Options.table_factory: BlockBasedTable
2022/03/30-15:31:20.881872 207ba4600            table_factory options:   flush_block_policy_factory: FlushBlockBySizePolicyFactory (0x600002051010)
  cache_index_and_filter_blocks: 0
  cache_index_and_filter_blocks_with_high_priority: 1
  pin_l0_filter_and_index_blocks_in_cache: 0
  pin_top_level_index_and_filter: 1
  index_type: 0
  data_block_index_type: 0
  index_shortening: 1
  data_block_hash_table_util_ratio: 0.750000
  hash_index_allow_collision: 1
  checksum: 1
  no_block_cache: 0
  block_cache: 0x600001355198
  block_cache_name: LRUCache
  block_cache_options:
    capacity : 8388608
    num_shard_bits : 4
    strict_capacity_limit : 0
    memory_allocator : None
    high_pri_pool_ratio: 0.000
  block_cache_compressed: 0x0
  persistent_cache: 0x0
  block_size: 4096
  block_size_deviation: 10
  block_restart_interval: 16
  index_block_restart_interval: 1
  metadata_block_size: 4096
  partition_filters: 0
  use_delta_encoding: 1
  filter_policy: nullptr
  whole_key_filtering: 1
  verify_compression: 0
  read_amp_bytes_per_bit: 0
  format_version: 4
  enable_index_compression: 1
  block_align: 0
2022/03/30-15:31:20.881876 207ba4600        Options.write_buffer_size: 67108864
2022/03/30-15:31:20.881877 207ba4600  Options.max_write_buffer_number: 2
2022/03/30-15:31:20.881883 207ba4600          Options.compression: Snappy
2022/03/30-15:31:20.881884 207ba4600                  Options.bottommost_compression: Disabled
2022/03/30-15:31:20.881885 207ba4600       Options.prefix_extractor: nullptr
2022/03/30-15:31:20.881886 207ba4600   Options.memtable_insert_with_hint_prefix_extractor: nullptr
2022/03/30-15:31:20.881887 207ba4600             Options.num_levels: 7
2022/03/30-15:31:20.881888 207ba4600        Options.min_write_buffer_number_to_merge: 1
2022/03/30-15:31:20.881889 207ba4600     Options.max_write_buffer_number_to_maintain: 0
2022/03/30-15:31:20.881890 207ba4600     Options.max_write_buffer_size_to_maintain: 0
2022/03/30-15:31:20.881891 207ba4600            Options.bottommost_compression_opts.window_bits: -14
2022/03/30-15:31:20.881892 207ba4600                  Options.bottommost_compression_opts.level: 32767
2022/03/30-15:31:20.881893 207ba4600               Options.bottommost_compression_opts.strategy: 0
2022/03/30-15:31:20.881893 207ba4600         Options.bottommost_compression_opts.max_dict_bytes: 0
2022/03/30-15:31:20.881894 207ba4600         Options.bottommost_compression_opts.zstd_max_train_bytes: 0
2022/03/30-15:31:20.881912 207ba4600         Options.bottommost_compression_opts.parallel_threads: 1
2022/03/30-15:31:20.881913 207ba4600                  Options.bottommost_compression_opts.enabled: false
2022/03/30-15:31:20.881915 207ba4600            Options.compression_opts.window_bits: -14
2022/03/30-15:31:20.881916 207ba4600                  Options.compression_opts.level: 32767
2022/03/30-15:31:20.881917 207ba4600               Options.compression_opts.strategy: 0
2022/03/30-15:31:20.881918 207ba4600         Options.compression_opts.max_dict_bytes: 0
2022/03/30-15:31:20.881919 207ba4600         Options.compression_opts.zstd_max_train_bytes: 0
2022/03/30-15:31:20.881920 207ba4600         Options.compression_opts.parallel_threads: 1
2022/03/30-15:31:20.881921 207ba4600                  Options.compression_opts.enabled: false
2022/03/30-15:31:20.881922 207ba4600      Options.level0_file_num_compaction_trigger: 4
2022/03/30-15:31:20.881923 207ba4600          Options.level0_slowdown_writes_trigger: 20
2022/03/30-15:31:20.881924 207ba4600              Options.level0_stop_writes_trigger: 36
2022/03/30-15:31:20.881925 207ba4600                   Options.target_file_size_base: 67108864
2022/03/30-15:31:20.881926 207ba4600             Options.target_file_size_multiplier: 1
2022/03/30-15:31:20.881927 207ba4600                Options.max_bytes_for_level_base: 268435456
2022/03/30-15:31:20.881928 207ba4600 Options.level_compaction_dynamic_level_bytes: 0
2022/03/30-15:31:20.881929 207ba4600          Options.max_bytes_for_level_multiplier: 10.000000
2022/03/30-15:31:20.881930 207ba4600 Options.max_bytes_for_level_multiplier_addtl[0]: 1
2022/03/30-15:31:20.881931 207ba4600 Options.max_bytes_for_level_multiplier_addtl[1]: 1
2022/03/30-15:31:20.881932 207ba4600 Options.max_bytes_for_level_multiplier_addtl[2]: 1
2022/03/30-15:31:20.881933 207ba4600 Options.max_bytes_for_level_multiplier_addtl[3]: 1
2022/03/30-15:31:20.881934 207ba4600 Options.max_bytes_for_level_multiplier_addtl[4]: 1
2022/03/30-15:31:20.881935 207ba4600 Options.max_bytes_for_level_multiplier_addtl[5]: 1
2022/03/30-15:31:20.881936 207ba4600 Options.max_bytes_for_level_multiplier_addtl[6]: 1
2022/03/30-15:31:20.881937 207ba4600       Options.max_sequential_skip_in_iterations: 8
2022/03/30-15:31:20.881937 207ba4600                    Options.max_compaction_bytes: 1677721600
2022/03/30-15:31:20.881938 207ba4600                        Options.arena_block_size: 8388608
2022/03/30-15:31:20.881939 207ba4600   Options.soft_pending_compaction_bytes_limit: 68719476736
2022/03/30-15:31:20.881940 207ba4600   Options.hard_pending_compaction_bytes_limit: 274877906944
2022/03/30-15:31:20.881941 207ba4600       Options.rate_limit_delay_max_milliseconds: 100
2022/03/30-15:31:20.881942 207ba4600                Options.disable_auto_compactions: 0
2022/03/30-15:31:20.881943 207ba4600                        Options.compaction_style: kCompactionStyleLevel
2022/03/30-15:31:20.881945 207ba4600                          Options.compaction_pri: kMinOverlappingRatio
2022/03/30-15:31:20.881946 207ba4600 Options.compaction_options_universal.size_ratio: 1
2022/03/30-15:31:20.881947 207ba4600 Options.compaction_options_universal.min_merge_width: 2
2022/03/30-15:31:20.881947 207ba4600 Options.compaction_options_universal.max_merge_width: 4294967295
2022/03/30-15:31:20.881948 207ba4600 Options.compaction_options_universal.max_size_amplification_percent: 200
2022/03/30-15:31:20.881949 207ba4600 Options.compaction_options_universal.compression_size_percent: -1
2022/03/30-15:31:20.881951 207ba4600 Options.compaction_options_universal.stop_style: kCompactionStopStyleTotalSize
2022/03/30-15:31:20.881952 207ba4600 Options.compaction_options_fifo.max_table_files_size: 1073741824
2022/03/30-15:31:20.881953 207ba4600 Options.compaction_options_fifo.allow_compaction: 0
2022/03/30-15:31:20.881958 207ba4600                   Options.table_properties_collectors: 
2022/03/30-15:31:20.881959 207ba4600                   Options.inplace_update_support: 0
2022/03/30-15:31:20.881971 207ba4600                 Options.inplace_update_num_locks: 10000
2022/03/30-15:31:20.881972 207ba4600               Options.memtable_prefix_bloom_size_ratio: 0.000000
2022/03/30-15:31:20.881974 207ba4600               Options.memtable_whole_key_filtering: 0
2022/03/30-15:31:20.881975 207ba4600   Options.memtable_huge_page_size: 0
2022/03/30-15:31:20.881975 207ba4600                           Options.bloom_locality: 0
2022/03/30-15:31:20.881976 207ba4600                    Options.max_successive_merges: 0
2022/03/30-15:31:20.881977 207ba4600                Options.optimize_filters_for_hits: 0
2022/03/30-15:31:20.881978 207ba4600                Options.paranoid_file_checks: 0
2022/03/30-15:31:20.881979 207ba4600                Options.force_consistency_checks: 0
2022/03/30-15:31:20.881980 207ba4600                Options.report_bg_io_stats: 0
2022/03/30-15:31:20.881981 207ba4600                               Options.ttl: 2592000
2022/03/30-15:31:20.881982 207ba4600          Options.periodic_compaction_seconds: 0
2022/03/30-15:31:20.882535 207ba4600 [db/column_family.cc:580] --------------- Options for column family [RB]:
2022/03/30-15:31:20.882538 207ba4600               Options.comparator: leveldb.BytewiseComparator
2022/03/30-15:31:20.882539 207ba4600           Options.merge_operator: None
2022/03/30-15:31:20.882541 207ba4600        Options.compaction_filter: filter_outdated
2022/03/30-15:31:20.882542 207ba4600        Options.compaction_filter_factory: None
2022/03/30-15:31:20.882543 207ba4600  Options.sst_partitioner_factory: None
2022/03/30-15:31:20.882544 207ba4600         Options.memtable_factory: SkipListFactory
2022/03/30-15:31:20.882545 207ba4600            Options.table_factory: BlockBasedTable
2022/03/30-15:31:20.882560 207ba4600            table_factory options:   flush_block_policy_factory: FlushBlockBySizePolicyFactory (0x600002050c40)
  cache_index_and_filter_blocks: 0
  cache_index_and_filter_blocks_with_high_priority: 1
  pin_l0_filter_and_index_blocks_in_cache: 0
  pin_top_level_index_and_filter: 1
  index_type: 0
  data_block_index_type: 0
  index_shortening: 1
  data_block_hash_table_util_ratio: 0.750000
  hash_index_allow_collision: 1
  checksum: 1
  no_block_cache: 0
  block_cache: 0x600001354a18
  block_cache_name: LRUCache
  block_cache_options:
    capacity : 8388608
    num_shard_bits : 4
    strict_capacity_limit : 0
    memory_allocator : None
    high_pri_pool_ratio: 0.000
  block_cache_compressed: 0x0
  persistent_cache: 0x0
  block_size: 4096
  block_size_deviation: 10
  block_restart_interval: 16
  index_block_restart_interval: 1
  metadata_block_size: 4096
  partition_filters: 0
  use_delta_encoding: 1
  filter_policy: nullptr
  whole_key_filtering: 1
  verify_compression: 0
  read_amp_bytes_per_bit: 0
  format_version: 4
  enable_index_compression: 1
  block_align: 0
2022/03/30-15:31:20.882564 207ba4600        Options.write_buffer_size: 67108864
2022/03/30-15:31:20.882565 207ba4600  Options.max_write_buffer_number: 2
2022/03/30-15:31:20.882566 207ba4600          Options.compression: NoCompression
2022/03/30-15:31:20.882567 207ba4600                  Options.bottommost_compression: Disabled
2022/03/30-15:31:20.882568 207ba4600       Options.prefix_extractor: nullptr
2022/03/30-15:31:20.882569 207ba4600   Options.memtable_insert_with_hint_prefix_extractor: nullptr
2022/03/30-15:31:20.882570 207ba4600             Options.num_levels: 7
2022/03/30-15:31:20.882571 207ba4600        Options.min_write_buffer_number_to_merge: 1
2022/03/30-15:31:20.882572 207ba4600     Options.max_write_buffer_number_to_maintain: 0
2022/03/30-15:31:20.882572 207ba4600     Options.max_write_buffer_size_to_maintain: 0
2022/03/30-15:31:20.882573 207ba4600            Options.bottommost_compression_opts.window_bits: -14
2022/03/30-15:31:20.882577 207ba4600                  Options.bottommost_compression_opts.level: 32767
2022/03/30-15:31:20.882578 207ba4600               Options.bottommost_compression_opts.strategy: 0
2022/03/30-15:31:20.882579 207ba4600         Options.bottommost_compression_opts.max_dict_bytes: 0
2022/03/30-15:31:20.882592 207ba4600         Options.bottommost_compression_opts.zstd_max_train_bytes: 0
2022/03/30-15:31:20.882593 207ba4600         Options.bottommost_compression_opts.parallel_threads: 1
2022/03/30-15:31:20.882594 207ba4600                  Options.bottommost_compression_opts.enabled: false
2022/03/30-15:31:20.882595 207ba4600            Options.compression_opts.window_bits: -14
2022/03/30-15:31:20.882596 207ba4600                  Options.compression_opts.level: 32767
2022/03/30-15:31:20.882597 207ba4600               Options.compression_opts.strategy: 0
2022/03/30-15:31:20.882598 207ba4600         Options.compression_opts.max_dict_bytes: 0
2022/03/30-15:31:20.882599 207ba4600         Options.compression_opts.zstd_max_train_bytes: 0
2022/03/30-15:31:20.882600 207ba4600         Options.compression_opts.parallel_threads: 1
2022/03/30-15:31:20.882601 207ba4600                  Options.compression_opts.enabled: false
2022/03/30-15:31:20.882602 207ba4600      Options.level0_file_num_compaction_trigger: 4
2022/03/30-15:31:20.882602 207ba4600          Options.level0_slowdown_writes_trigger: 20
2022/03/30-15:31:20.882603 207ba4600              Options.level0_stop_writes_trigger: 36
2022/03/30-15:31:20.882604 207ba4600                   Options.target_file_size_base: 67108864
2022/03/30-15:31:20.882605 207ba4600             Options.target_file_size_multiplier: 1
2022/03/30-15:31:20.882606 207ba4600                Options.max_bytes_for_level_base: 268435456
2022/03/30-15:31:20.882607 207ba4600 Options.level_compaction_dynamic_level_bytes: 0
2022/03/30-15:31:20.882608 207ba4600          Options.max_bytes_for_level_multiplier: 10.000000
2022/03/30-15:31:20.882609 207ba4600 Options.max_bytes_for_level_multiplier_addtl[0]: 1
2022/03/30-15:31:20.882610 207ba4600 Options.max_bytes_for_level_multiplier_addtl[1]: 1
2022/03/30-15:31:20.882611 207ba4600 Options.max_bytes_for_level_multiplier_addtl[2]: 1
2022/03/30-15:31:20.882612 207ba4600 Options.max_bytes_for_level_multiplier_addtl[3]: 1
2022/03/30-15:31:20.882613 207ba4600 Options.max_bytes_for_level_multiplier_addtl[4]: 1
2022/03/30-15:31:20.882614 207ba4600 Options.max_bytes_for_level_multiplier_addtl[5]: 1
2022/03/30-15:31:20.882615 207ba4600 Options.max_bytes_for_level_multiplier_addtl[6]: 1
2022/03/30-15:31:20.882616 207ba4600       Options.max_sequential_skip_in_iterations: 8
2022/03/30-15:31:20.882617 207ba4600                    Options.max_compaction_bytes: 1677721600
2022/03/30-15:31:20.882618 207ba4600                        Options.arena_block_size: 8388608
2022/03/30-15:31:20.882618 207ba4600   Options.soft_pending_compaction_bytes_limit: 68719476736
2022/03/30-15:31:20.882619 207ba4600   Options.hard_pending_compaction_bytes_limit: 274877906944
2022/03/30-15:31:20.882620 207ba4600       Options.rate_limit_delay_max_milliseconds: 100
2022/03/30-15:31:20.882621 207ba4600                Options.disable_auto_compactions: 1
2022/03/30-15:31:20.882622 207ba4600                        Options.compaction_style: kCompactionStyleLevel
2022/03/30-15:31:20.882623 207ba4600                          Options.compaction_pri: kMinOverlappingRatio
2022/03/30-15:31:20.882624 207ba4600 Options.compaction_options_universal.size_ratio: 1
2022/03/30-15:31:20.882625 207ba4600 Options.compaction_options_universal.min_merge_width: 2
2022/03/30-15:31:20.882626 207ba4600 Options.compaction_options_universal.max_merge_width: 4294967295
2022/03/30-15:31:20.882627 207ba4600 Options.compaction_options_universal.max_size_amplification_percent: 200
2022/03/30-15:31:20.882628 207ba4600 Options.compaction_options_universal.compression_size_percent: -1
2022/03/30-15:31:20.882629 207ba4600 Options.compaction_options_universal.stop_style: kCompactionStopStyleTotalSize
2022/03/30-15:31:20.882630 207ba4600 Options.compaction_options_fifo.max_table_files_size: 1073741824
2022/03/30-15:31:20.882631 207ba4600 Options.compaction_options_fifo.allow_compaction: 0
2022/03/30-15:31:20.882632 207ba4600                   Options.table_properties_collectors: 
2022/03/30-15:31:20.882646 207ba4600                   Options.inplace_update_support: 0
2022/03/30-15:31:20.882647 207ba4600                 Options.inplace_update_num_locks: 10000
2022/03/30-15:31:20.882648 207ba4600               Options.memtable_prefix_bloom_size_ratio: 0.000000
2022/03/30-15:31:20.882649 207ba4600               Options.memtable_whole_key_filtering: 0
2022/03/30-15:31:20.882650 207ba4600   Options.memtable_huge_page_size: 0
2022/03/30-15:31:20.882651 207ba4600                           Options.bloom_locality: 0
2022/03/30-15:31:20.882652 207ba4600                    Options.max_successive_merges: 0
2022/03/30-15:31:20.882652 207ba4600                Options.optimize_filters_for_hits: 0
2022/03/30-15:31:20.882653 207ba4600                Options.paranoid_file_checks: 0
2022/03/30-15:31:20.882654 207ba4600                Options.force_consistency_checks: 0
2022/03/30-15:31:20.882655 207ba4600                Options.report_bg_io_stats: 0
2022/03/30-15:31:20.882656 207ba4600                               Options.ttl: 2592000
2022/03/30-15:31:20.882657 207ba4600          Options.periodic_compaction_seconds: 2592000
2022/03/30-15:31:20.882867 207ba4600 [db/column_family.cc:580] --------------- Options for column family [FZ]:
2022/03/30-15:31:20.882870 207ba4600               Options.comparator: leveldb.BytewiseComparator
2022/03/30-15:31:20.882872 207ba4600           Options.merge_operator: None
2022/03/30-15:31:20.882873 207ba4600        Options.compaction_filter: filter_outdated
2022/03/30-15:31:20.882874 207ba4600        Options.compaction_filter_factory: None
2022/03/30-15:31:20.882875 207ba4600  Options.sst_partitioner_factory: None
2022/03/30-15:31:20.882876 207ba4600         Options.memtable_factory: SkipListFactory
2022/03/30-15:31:20.882877 207ba4600            Options.table_factory: BlockBasedTable
2022/03/30-15:31:20.882891 207ba4600            table_factory options:   flush_block_policy_factory: FlushBlockBySizePolicyFactory (0x600002050c90)
  cache_index_and_filter_blocks: 0
  cache_index_and_filter_blocks_with_high_priority: 1
  pin_l0_filter_and_index_blocks_in_cache: 0
  pin_top_level_index_and_filter: 1
  index_type: 0
  data_block_index_type: 0
  index_shortening: 1
  data_block_hash_table_util_ratio: 0.750000
  hash_index_allow_collision: 1
  checksum: 1
  no_block_cache: 0
  block_cache: 0x600001354ab8
  block_cache_name: LRUCache
  block_cache_options:
    capacity : 8388608
    num_shard_bits : 4
    strict_capacity_limit : 0
    memory_allocator : None
    high_pri_pool_ratio: 0.000
  block_cache_compressed: 0x0
  persistent_cache: 0x0
  block_size: 4096
  block_size_deviation: 10
  block_restart_interval: 16
  index_block_restart_interval: 1
  metadata_block_size: 4096
  partition_filters: 0
  use_delta_encoding: 1
  filter_policy: nullptr
  whole_key_filtering: 1
  verify_compression: 0
  read_amp_bytes_per_bit: 0
  format_version: 4
  enable_index_compression: 1
  block_align: 0
2022/03/30-15:31:20.882893 207ba4600        Options.write_buffer_size: 67108864
2022/03/30-15:31:20.882893 207ba4600  Options.max_write_buffer_number: 2
2022/03/30-15:31:20.882895 207ba4600          Options.compression: NoCompression
2022/03/30-15:31:20.882896 207ba4600                  Options.bottommost_compression: Disabled
2022/03/30-15:31:20.882896 207ba4600       Options.prefix_extractor: nullptr
2022/03/30-15:31:20.882897 207ba4600   Options.memtable_insert_with_hint_prefix_extractor: nullptr
2022/03/30-15:31:20.882898 207ba4600             Options.num_levels: 7
2022/03/30-15:31:20.882899 207ba4600        Options.min_write_buffer_number_to_merge: 1
2022/03/30-15:31:20.882900 207ba4600     Options.max_write_buffer_number_to_maintain: 0
2022/03/30-15:31:20.882901 207ba4600     Options.max_write_buffer_size_to_maintain: 0
2022/03/30-15:31:20.882902 207ba4600            Options.bottommost_compression_opts.window_bits: -14
2022/03/30-15:31:20.882903 207ba4600                  Options.bottommost_compression_opts.level: 32767
2022/03/30-15:31:20.882904 207ba4600               Options.bottommost_compression_opts.strategy: 0
2022/03/30-15:31:20.882919 207ba4600         Options.bottommost_compression_opts.max_dict_bytes: 0
2022/03/30-15:31:20.882920 207ba4600         Options.bottommost_compression_opts.zstd_max_train_bytes: 0
2022/03/30-15:31:20.882921 207ba4600         Options.bottommost_compression_opts.parallel_threads: 1
2022/03/30-15:31:20.882922 207ba4600                  Options.bottommost_compression_opts.enabled: false
2022/03/30-15:31:20.882923 207ba4600            Options.compression_opts.window_bits: -14
2022/03/30-15:31:20.882924 207ba4600                  Options.compression_opts.level: 32767
2022/03/30-15:31:20.882924 207ba4600               Options.compression_opts.strategy: 0
2022/03/30-15:31:20.882925 207ba4600         Options.compression_opts.max_dict_bytes: 0
2022/03/30-15:31:20.882926 207ba4600         Options.compression_opts.zstd_max_train_bytes: 0
2022/03/30-15:31:20.882927 207ba4600         Options.compression_opts.parallel_threads: 1
2022/03/30-15:31:20.882928 207ba4600                  Options.compression_opts.enabled: false
2022/03/30-15:31:20.882929 207ba4600      Options.level0_file_num_compaction_trigger: 4
2022/03/30-15:31:20.882930 207ba4600          Options.level0_slowdown_writes_trigger: 20
2022/03/30-15:31:20.882931 207ba4600              Options.level0_stop_writes_trigger: 36
2022/03/30-15:31:20.882932 207ba4600                   Options.target_file_size_base: 67108864
2022/03/30-15:31:20.882932 207ba4600             Options.target_file_size_multiplier: 1
2022/03/30-15:31:20.882933 207ba4600                Options.max_bytes_for_level_base: 268435456
2022/03/30-15:31:20.882934 207ba4600 Options.level_compaction_dynamic_level_bytes: 0
2022/03/30-15:31:20.882935 207ba4600          Options.max_bytes_for_level_multiplier: 10.000000
2022/03/30-15:31:20.882936 207ba4600 Options.max_bytes_for_level_multiplier_addtl[0]: 1
2022/03/30-15:31:20.882937 207ba4600 Options.max_bytes_for_level_multiplier_addtl[1]: 1
2022/03/30-15:31:20.882938 207ba4600 Options.max_bytes_for_level_multiplier_addtl[2]: 1
2022/03/30-15:31:20.882939 207ba4600 Options.max_bytes_for_level_multiplier_addtl[3]: 1
2022/03/30-15:31:20.882940 207ba4600 Options.max_bytes_for_level_multiplier_addtl[4]: 1
2022/03/30-15:31:20.882941 207ba4600 Options.max_bytes_for_level_multiplier_addtl[5]: 1
2022/03/30-15:31:20.882942 207ba4600 Options.max_bytes_for_level_multiplier_addtl[6]: 1
2022/03/30-15:31:20.882943 207ba4600       Options.max_sequential_skip_in_iterations: 8
2022/03/30-15:31:20.882944 207ba4600                    Options.max_compaction_bytes: 1677721600
2022/03/30-15:31:20.882945 207ba4600                        Options.arena_block_size: 8388608
2022/03/30-15:31:20.882946 207ba4600   Options.soft_pending_compaction_bytes_limit: 68719476736
2022/03/30-15:31:20.882947 207ba4600   Options.hard_pending_compaction_bytes_limit: 274877906944
2022/03/30-15:31:20.882948 207ba4600       Options.rate_limit_delay_max_milliseconds: 100
2022/03/30-15:31:20.882949 207ba4600                Options.disable_auto_compactions: 1
2022/03/30-15:31:20.882950 207ba4600                        Options.compaction_style: kCompactionStyleLevel
2022/03/30-15:31:20.882951 207ba4600                          Options.compaction_pri: kMinOverlappingRatio
2022/03/30-15:31:20.882951 207ba4600 Options.compaction_options_universal.size_ratio: 1
2022/03/30-15:31:20.882952 207ba4600 Options.compaction_options_universal.min_merge_width: 2
2022/03/30-15:31:20.882953 207ba4600 Options.compaction_options_universal.max_merge_width: 4294967295
2022/03/30-15:31:20.882954 207ba4600 Options.compaction_options_universal.max_size_amplification_percent: 200
2022/03/30-15:31:20.882955 207ba4600 Options.compaction_options_universal.compression_size_percent: -1
2022/03/30-15:31:20.882956 207ba4600 Options.compaction_options_universal.stop_style: kCompactionStopStyleTotalSize
2022/03/30-15:31:20.882957 207ba4600 Options.compaction_options_fifo.max_table_files_size: 1073741824
2022/03/30-15:31:20.882958 207ba4600 Options.compaction_options_fifo.allow_compaction: 0
2022/03/30-15:31:20.882959 207ba4600                   Options.table_properties_collectors: 
2022/03/30-15:31:20.882971 207ba4600                   Options.inplace_update_support: 0
2022/03/30-15:31:20.882972 207ba4600                 Options.inplace_update_num_locks: 10000
2022/03/30-15:31:20.882973 207ba4600               Options.memtable_prefix_bloom_size_ratio: 0.000000
2022/03/30-15:31:20.882974 207ba4600               Options.memtable_whole_key_filtering: 0
2022/03/30-15:31:20.882975 207ba4600   Options.memtable_huge_page_size: 0
2022/03/30-15:31:20.882976 207ba4600                           Options.bloom_locality: 0
2022/03/30-15:31:20.882977 207ba4600                    Options.max_successive_merges: 0
2022/03/30-15:31:20.882978 207ba4600                Options.optimize_filters_for_hits: 0
2022/03/30-15:31:20.882979 207ba4600                Options.paranoid_file_checks: 0
2022/03/30-15:31:20.882980 207ba4600                Options.force_consistency_checks: 0
2022/03/30-15:31:20.882980 207ba4600                Options.report_bg_io_stats: 0
2022/03/30-15:31:20.882981 207ba4600                               Options.ttl: 2592000
2022/03/30-15:31:20.882982 207ba4600          Options.periodic_compaction_seconds: 2592000
2022/03/30-15:31:20.883010 207ba4600 [db/column_family.cc:580] --------------- Options for column family [NZ]:
2022/03/30-15:31:20.883012 207ba4600               Options.comparator: leveldb.BytewiseComparator
2022/03/30-15:31:20.883012 207ba4600           Options.merge_operator: None
2022/03/30-15:31:20.883013 207ba4600        Options.compaction_filter: filter_outdated
2022/03/30-15:31:20.883014 207ba4600        Options.compaction_filter_factory: None
2022/03/30-15:31:20.883015 207ba4600  Options.sst_partitioner_factory: None
2022/03/30-15:31:20.883016 207ba4600         Options.memtable_factory: SkipListFactory
2022/03/30-15:31:20.883017 207ba4600            Options.table_factory: BlockBasedTable
2022/03/30-15:31:20.883027 207ba4600            table_factory options:   flush_block_policy_factory: FlushBlockBySizePolicyFactory (0x600002050ce0)
  cache_index_and_filter_blocks: 0
  cache_index_and_filter_blocks_with_high_priority: 1
  pin_l0_filter_and_index_blocks_in_cache: 0
  pin_top_level_index_and_filter: 1
  index_type: 0
  data_block_index_type: 0
  index_shortening: 1
  data_block_hash_table_util_ratio: 0.750000
  hash_index_allow_collision: 1
  checksum: 1
  no_block_cache: 0
  block_cache: 0x600001354b58
  block_cache_name: LRUCache
  block_cache_options:
    capacity : 8388608
    num_shard_bits : 4
    strict_capacity_limit : 0
    memory_allocator : None
    high_pri_pool_ratio: 0.000
  block_cache_compressed: 0x0
  persistent_cache: 0x0
  block_size: 4096
  block_size_deviation: 10
  block_restart_interval: 16
  index_block_restart_interval: 1
  metadata_block_size: 4096
  partition_filters: 0
  use_delta_encoding: 1
  filter_policy: nullptr
  whole_key_filtering: 1
  verify_compression: 0
  read_amp_bytes_per_bit: 0
  format_version: 4
  enable_index_compression: 1
  block_align: 0
2022/03/30-15:31:20.883028 207ba4600        Options.write_buffer_size: 67108864
2022/03/30-15:31:20.883029 207ba4600  Options.max_write_buffer_number: 2
2022/03/30-15:31:20.883030 207ba4600          Options.compression: NoCompression
2022/03/30-15:31:20.883031 207ba4600                  Options.bottommost_compression: Disabled
2022/03/30-15:31:20.883032 207ba4600       Options.prefix_extractor: nullptr
2022/03/30-15:31:20.883033 207ba4600   Options.memtable_insert_with_hint_prefix_extractor: nullptr
2022/03/30-15:31:20.883034 207ba4600             Options.num_levels: 7
2022/03/30-15:31:20.883035 207ba4600        Options.min_write_buffer_number_to_merge: 1
2022/03/30-15:31:20.883036 207ba4600     Options.max_write_buffer_number_to_maintain: 0
2022/03/30-15:31:20.883036 207ba4600     Options.max_write_buffer_size_to_maintain: 0
2022/03/30-15:31:20.883037 207ba4600            Options.bottommost_compression_opts.window_bits: -14
2022/03/30-15:31:20.883038 207ba4600                  Options.bottommost_compression_opts.level: 32767
2022/03/30-15:31:20.883039 207ba4600               Options.bottommost_compression_opts.strategy: 0
2022/03/30-15:31:20.883054 207ba4600         Options.bottommost_compression_opts.max_dict_bytes: 0
2022/03/30-15:31:20.883055 207ba4600         Options.bottommost_compression_opts.zstd_max_train_bytes: 0
2022/03/30-15:31:20.883056 207ba4600         Options.bottommost_compression_opts.parallel_threads: 1
2022/03/30-15:31:20.883057 207ba4600                  Options.bottommost_compression_opts.enabled: false
2022/03/30-15:31:20.883058 207ba4600            Options.compression_opts.window_bits: -14
2022/03/30-15:31:20.883059 207ba4600                  Options.compression_opts.level: 32767
2022/03/30-15:31:20.883060 207ba4600               Options.compression_opts.strategy: 0
2022/03/30-15:31:20.883061 207ba4600         Options.compression_opts.max_dict_bytes: 0
2022/03/30-15:31:20.883062 207ba4600         Options.compression_opts.zstd_max_train_bytes: 0
2022/03/30-15:31:20.883062 207ba4600         Options.compression_opts.parallel_threads: 1
2022/03/30-15:31:20.883063 207ba4600                  Options.compression_opts.enabled: false
2022/03/30-15:31:20.883064 207ba4600      Options.level0_file_num_compaction_trigger: 4
2022/03/30-15:31:20.883065 207ba4600          Options.level0_slowdown_writes_trigger: 20
2022/03/30-15:31:20.883066 207ba4600              Options.level0_stop_writes_trigger: 36
2022/03/30-15:31:20.883067 207ba4600                   Options.target_file_size_base: 67108864
2022/03/30-15:31:20.883068 207ba4600             Options.target_file_size_multiplier: 1
2022/03/30-15:31:20.883069 207ba4600                Options.max_bytes_for_level_base: 268435456
2022/03/30-15:31:20.883070 207ba4600 Options.level_compaction_dynamic_level_bytes: 0
2022/03/30-15:31:20.883070 207ba4600          Options.max_bytes_for_level_multiplier: 10.000000
2022/03/30-15:31:20.883072 207ba4600 Options.max_bytes_for_level_multiplier_addtl[0]: 1
2022/03/30-15:31:20.883073 207ba4600 Options.max_bytes_for_level_multiplier_addtl[1]: 1
2022/03/30-15:31:20.883073 207ba4600 Options.max_bytes_for_level_multiplier_addtl[2]: 1
2022/03/30-15:31:20.883074 207ba4600 Options.max_bytes_for_level_multiplier_addtl[3]: 1
2022/03/30-15:31:20.883075 207ba4600 Options.max_bytes_for_level_multiplier_addtl[4]: 1
2022/03/30-15:31:20.883076 207ba4600 Options.max_bytes_for_level_multiplier_addtl[5]: 1
2022/03/30-15:31:20.883077 207ba4600 Options.max_bytes_for_level_multiplier_addtl[6]: 1
2022/03/30-15:31:20.883078 207ba4600       Options.max_sequential_skip_in_iterations: 8
2022/03/30-15:31:20.883079 207ba4600                    Options.max_compaction_bytes: 1677721600
2022/03/30-15:31:20.883080 207ba4600                        Options.arena_block_size: 8388608
2022/03/30-15:31:20.883081 207ba4600   Options.soft_pending_compaction_bytes_limit: 68719476736
2022/03/30-15:31:20.883082 207ba4600   Options.hard_pending_compaction_bytes_limit: 274877906944
2022/03/30-15:31:20.883082 207ba4600       Options.rate_limit_delay_max_milliseconds: 100
